*------------------------------------------------------------*
*   Country: China
*   Station: Hebi
*      Year: 2018
*    Origin: AGERA5
*    Author: HuangHai, CAU
* Longitude: 114.38 E
*  Latitude: 35.71 N
* Elevation: 96.00 m
*   Columns: 
*   ======== 
*  station number
*  year
*  day
*  irradiation (kJ，m-2，d-1)
*  minimum temperature (degrees Celsius)
*  maximum temperature (degrees Celsius)
*  vapour pressure (kPa)
*  mean wind speed (m，s-1)
*  precipitation (mm，d-1)
** WCCDESCRIPTION=Hebi, China
** WCCFORMAT=2
** WCCYEARNR=2018
*------------------------------------------------------------*
114.38  35.71  96.00  -0.18  -0.55
1	2018	  1	 9764	 -3.5	  7.5	0.280	 2.8	 0.0
1	2018	  2	 7116	 -2.7	  3.7	0.351	 6.0	 0.1
1	2018	  3	 6919	 -2.8	  2.4	0.222	 4.2	 0.2
1	2018	  4	 3984	 -5.0	 -1.6	0.287	 3.0	 3.2
1	2018	  5	 9677	 -6.3	  2.8	0.338	 2.0	 0.0
1	2018	  6	 4612	 -4.2	  2.8	0.405	 1.8	 2.2
1	2018	  7	 8308	 -4.0	  3.6	0.485	 1.7	 0.2
1	2018	  8	10778	 -4.0	  3.7	0.178	 3.5	 0.0
1	2018	  9	10797	 -5.8	  6.8	0.153	 3.4	 0.0
1	2018	 10	10892	 -5.5	  5.7	0.162	 2.2	 0.0
1	2018	 11	11169	 -6.3	 -0.5	0.119	 3.0	 0.0
1	2018	 12	11082	 -6.3	  4.4	0.229	 4.0	 0.0
1	2018	 13	10788	 -4.8	  7.5	0.347	 5.2	 0.0
1	2018	 14	11025	 -1.8	 11.3	0.390	 2.6	 0.0
1	2018	 15	 7589	 -2.9	  6.7	0.461	 2.1	 0.0
1	2018	 16	10138	 -2.4	  7.6	0.419	 2.3	 0.0
1	2018	 17	10748	 -2.7	 10.4	0.427	 2.8	 0.0
1	2018	 18	 9225	 -2.8	  8.1	0.426	 2.1	 0.0
1	2018	 19	11619	 -2.4	 12.2	0.381	 2.2	 0.0
1	2018	 20	11091	 -3.0	 10.9	0.424	 1.7	 0.0
1	2018	 21	 6106	 -3.3	  2.7	0.429	 3.2	 0.0
1	2018	 22	 7818	 -4.7	  1.9	0.408	 3.8	 0.0
1	2018	 23	10344	 -6.1	 -0.8	0.266	 3.0	 0.0
1	2018	 24	11327	 -7.5	  0.5	0.186	 2.5	 0.0
1	2018	 25	 6779	 -5.3	 -1.3	0.144	 3.2	 0.2
1	2018	 26	10481	 -8.0	 -0.8	0.176	 2.0	 0.1
1	2018	 27	 8376	 -6.6	 -1.1	0.288	 1.6	 0.9
1	2018	 28	 8131	 -7.8	 -1.5	0.320	 2.5	 0.0
1	2018	 29	13368	 -9.1	  2.3	0.197	 2.1	 0.0
1	2018	 30	 9798	 -9.4	  3.4	0.218	 2.5	 0.0
1	2018	 31	12976	 -3.2	  5.9	0.177	 2.5	 0.0
1	2018	 32	13499	 -6.9	  7.4	0.198	 2.2	 0.0
1	2018	 33	13843	 -6.4	  1.3	0.121	 4.4	 0.0
1	2018	 34	13986	 -7.6	  2.2	0.130	 1.6	 0.0
1	2018	 35	14074	 -7.4	  4.3	0.152	 1.9	 0.0
1	2018	 36	14117	 -5.9	  3.5	0.170	 3.0	 0.0
1	2018	 37	14171	 -7.2	  4.5	0.222	 2.7	 0.0
1	2018	 38	14445	 -5.4	  5.1	0.162	 3.3	 0.0
1	2018	 39	14361	 -6.0	  6.3	0.183	 4.6	 0.0
1	2018	 40	13195	 -3.0	 11.3	0.258	 3.2	 0.0
1	2018	 41	14662	 -4.3	  6.2	0.114	 2.6	 0.0
1	2018	 42	15356	 -4.9	  4.8	0.101	 3.5	 0.0
1	2018	 43	15388	 -5.5	  9.2	0.103	 2.9	 0.0
1	2018	 44	15162	 -3.2	 15.4	0.227	 4.8	 0.0
1	2018	 45	 9516	  0.2	 10.3	0.234	 5.1	 0.0
1	2018	 46	12109	 -2.3	  7.9	0.190	 3.0	 0.0
1	2018	 47	15376	 -0.6	 12.5	0.274	 2.7	 0.0
1	2018	 48	 7347	 -1.2	  9.9	0.516	 1.8	 0.6
1	2018	 49	13789	  0.9	 11.8	0.543	 1.8	 0.2
1	2018	 50	14095	  2.8	 13.1	0.476	 2.7	 0.0
1	2018	 51	 9491	  1.9	  6.3	0.507	 4.4	 0.3
1	2018	 52	14781	 -0.4	 10.8	0.429	 2.3	 0.2
1	2018	 53	16835	  0.0	 14.8	0.229	 4.0	 0.0
1	2018	 54	16605	  2.6	 18.7	0.418	 3.3	 0.0
1	2018	 55	 7279	 -1.6	  8.0	0.249	 5.9	 0.1
1	2018	 56	16982	 -4.0	 13.5	0.336	 4.1	 0.0
1	2018	 57	17017	  3.8	 19.6	0.600	 3.5	 0.0
1	2018	 58	 8417	  3.9	 13.1	0.740	 4.6	 1.7
1	2018	 59	16810	  0.9	 19.9	0.704	 4.1	 1.0
1	2018	 60	14801	  4.9	 11.0	0.289	 4.0	 0.0
1	2018	 61	17165	  2.1	 15.9	0.681	 6.5	 0.0
1	2018	 62	17505	  5.1	 20.4	1.020	 4.5	 0.0
1	2018	 63	 1965	  3.6	 13.8	0.790	 7.0	 6.6
1	2018	 64	18012	 -1.1	  9.7	0.379	 3.2	 0.0
1	2018	 65	 9821	  2.2	 10.4	0.500	 2.0	 0.2
1	2018	 66	14080	  1.7	 10.3	0.628	 3.2	 0.7
1	2018	 67	18920	  0.9	  8.8	0.446	 3.9	 0.0
1	2018	 68	19111	 -0.2	 15.4	0.615	 5.6	 0.0
1	2018	 69	18936	  4.7	 17.8	0.733	 3.0	 0.0
1	2018	 70	18430	  5.2	 18.4	0.790	 3.3	 0.0
1	2018	 71	19014	  8.1	 23.9	0.959	 5.3	 0.0
1	2018	 72	19101	 11.2	 27.3	1.130	 5.1	 0.0
1	2018	 73	19334	 12.8	 26.5	1.407	 4.7	 0.0
1	2018	 74	 4754	  3.7	 16.6	0.827	 7.2	 1.1
1	2018	 75	19764	  0.3	 10.3	0.255	 4.1	 0.0
1	2018	 76	 5602	  3.7	  9.0	0.452	 2.8	 5.7
1	2018	 77	 7977	  2.3	  9.5	0.650	 3.9	 1.2
1	2018	 78	13498	  4.6	 13.3	0.589	 4.7	 0.2
1	2018	 79	16547	  2.8	 11.3	0.247	 5.1	 0.0
1	2018	 80	20343	  0.7	 13.3	0.287	 2.5	 0.0
1	2018	 81	19892	  4.0	 19.0	0.654	 2.1	 0.2
1	2018	 82	17951	  7.6	 24.0	0.920	 3.3	 4.8
1	2018	 83	21182	  9.1	 22.6	0.751	 3.0	 0.0
1	2018	 84	21977	  7.0	 23.7	0.744	 3.4	 0.0
1	2018	 85	20668	 10.3	 27.0	1.026	 4.1	 0.0
1	2018	 86	21906	 12.8	 31.3	0.993	 4.3	 0.0
1	2018	 87	21337	 15.4	 32.2	0.886	 2.8	 0.0
1	2018	 88	19684	 12.0	 21.0	0.512	 6.8	 0.0
1	2018	 89	21627	 10.3	 22.8	0.597	 3.4	 0.0
1	2018	 90	21367	 12.3	 28.0	1.184	 3.5	 0.0
1	2018	 91	22275	 12.1	 29.7	1.241	 2.7	 0.0
1	2018	 92	22766	 15.0	 32.2	1.079	 4.4	 0.0
1	2018	 93	12791	  7.7	 21.8	0.715	 8.2	 0.0
1	2018	 94	 3465	  3.8	  7.8	0.526	 6.2	 2.7
1	2018	 95	 8778	  1.1	 10.0	0.646	 2.4	 2.4
1	2018	 96	23005	  2.0	 13.6	0.253	 5.8	 0.0
1	2018	 97	24414	  2.2	 20.0	0.247	 4.9	 0.0
1	2018	 98	24375	  9.7	 25.3	0.464	 3.5	 0.0
1	2018	 99	23505	  9.1	 27.6	1.039	 5.2	 0.0
1	2018	100	14818	 16.6	 29.2	0.872	 3.3	 0.0
1	2018	101	24075	 12.6	 26.4	0.711	 3.0	 0.2
1	2018	102	 4549	 13.0	 18.2	1.378	 2.2	21.9
1	2018	103	 3233	  7.5	 13.3	1.196	 3.8	19.7
1	2018	104	18562	  4.5	 18.3	0.850	 2.2	 0.1
1	2018	105	24939	  6.1	 20.0	0.732	 2.4	 0.0
1	2018	106	24642	  8.3	 22.2	0.858	 4.5	 0.0
1	2018	107	24341	 10.1	 24.2	1.148	 4.9	 0.0
1	2018	108	24014	 13.5	 27.3	1.568	 4.9	 0.0
1	2018	109	24396	 16.1	 29.2	1.530	 4.8	 0.0
1	2018	110	23883	 15.3	 29.7	1.557	 4.1	 0.0
1	2018	111	 8050	 18.6	 23.9	2.126	 3.3	34.2
1	2018	112	 4051	 11.5	 18.5	1.108	 8.6	 4.4
1	2018	113	16055	 11.5	 18.7	1.135	 5.7	 0.0
1	2018	114	17339	 11.9	 20.4	1.201	 2.9	 0.0
1	2018	115	19169	 10.7	 22.6	1.356	 2.9	 0.0
1	2018	116	25106	 12.6	 27.3	1.536	 2.8	 0.0
1	2018	117	25182	 11.5	 26.4	1.639	 2.6	 0.0
1	2018	118	25590	 15.5	 29.1	1.467	 4.6	 0.0
1	2018	119	24649	 17.9	 30.9	1.565	 4.2	 0.0
1	2018	120	22601	 16.0	 27.9	1.755	 3.9	 0.0
1	2018	121	13592	 17.3	 25.3	1.519	 4.4	 0.1
1	2018	122	24714	 13.1	 22.3	1.086	 3.8	 0.1
1	2018	123	26902	 12.9	 26.2	0.876	 3.3	 0.0
1	2018	124	25205	 15.3	 29.4	1.160	 6.6	 0.0
1	2018	125	19045	 16.8	 27.6	1.582	 4.4	 0.0
1	2018	126	 8872	 18.0	 22.9	1.611	 3.9	 0.0
1	2018	127	22782	 16.6	 27.4	1.256	 2.1	 0.0
1	2018	128	26494	 14.3	 27.4	1.061	 3.4	 0.0
1	2018	129	26047	 12.1	 28.3	1.073	 2.3	 0.0
1	2018	130	25725	 16.4	 27.4	1.218	 3.5	 0.5
1	2018	131	12645	 16.6	 23.6	1.805	 2.7	 2.8
1	2018	132	23859	 16.5	 28.9	1.736	 2.8	 0.0
1	2018	133	26587	 16.0	 33.7	1.637	 3.5	 0.0
1	2018	134	21575	 20.9	 32.3	2.081	 5.6	 0.0
1	2018	135	13372	 23.2	 30.2	2.615	 3.5	16.7
1	2018	136	15344	 21.9	 29.1	2.575	 1.5	 6.2
1	2018	137	13278	 21.8	 29.4	2.459	 3.1	 7.6
1	2018	138	13511	 19.5	 26.4	1.920	 2.7	 1.0
1	2018	139	11587	 19.1	 24.8	1.764	 2.8	 4.2
1	2018	140	11025	 14.8	 21.8	1.646	 3.2	 3.0
1	2018	141	 6161	 16.0	 18.9	1.542	 1.8	 2.2
1	2018	142	21720	 15.0	 26.2	1.592	 2.2	 5.2
1	2018	143	28019	 12.0	 28.1	1.189	 4.3	 0.0
1	2018	144	19305	 18.1	 25.2	1.545	 4.9	 0.0
1	2018	145	17546	 18.5	 28.1	2.128	 2.2	 5.6
1	2018	146	16333	 17.5	 29.0	2.316	 2.7	 0.2
1	2018	147	27454	 19.9	 31.4	0.982	 2.9	 0.0
1	2018	148	25092	 18.1	 33.6	1.331	 2.9	 0.0
1	2018	149	19139	 20.3	 29.6	0.814	 3.9	 0.0
1	2018	150	22041	 16.5	 31.4	0.969	 1.5	 0.0
1	2018	151	28039	 17.4	 33.2	0.998	 1.5	 0.0
1	2018	152	26143	 17.7	 34.1	1.044	 1.8	 0.0
1	2018	153	20329	 22.0	 33.9	1.083	 2.4	 0.0
1	2018	154	25500	 20.5	 35.7	1.237	 2.7	 0.0
1	2018	155	26864	 24.4	 35.7	1.006	 2.9	 0.0
1	2018	156	29425	 22.1	 38.5	0.748	 4.5	 0.0
1	2018	157	28294	 23.6	 38.8	1.356	 5.4	 0.0
1	2018	158	23319	 25.0	 37.4	1.733	 2.8	 0.0
1	2018	159	16000	 21.5	 34.3	1.678	 5.0	 0.8
1	2018	160	10129	 17.2	 22.7	1.733	 3.8	16.5
1	2018	161	26779	 14.7	 29.3	1.674	 1.5	 0.0
1	2018	162	27317	 17.6	 34.1	1.726	 2.3	 0.0
1	2018	163	25858	 19.0	 37.7	1.532	 1.6	 0.1
1	2018	164	24753	 22.7	 36.5	1.761	 3.5	 3.7
1	2018	165	27088	 19.7	 33.2	1.727	 2.3	 0.0
1	2018	166	25285	 20.3	 34.8	1.632	 2.4	 0.0
1	2018	167	17975	 24.1	 33.2	1.832	 3.1	 0.1
1	2018	168	15816	 23.7	 31.0	2.136	 1.3	 0.4
1	2018	169	10333	 22.6	 28.2	2.133	 3.2	 0.8
1	2018	170	26514	 20.6	 33.4	2.033	 2.5	 0.1
1	2018	171	24381	 22.4	 35.4	1.849	 2.6	 0.0
1	2018	172	18675	 24.1	 34.8	1.694	 3.7	 0.0
1	2018	173	27137	 24.5	 34.5	1.517	 3.2	 0.0
1	2018	174	27178	 23.1	 36.0	1.956	 4.4	 0.0
1	2018	175	27804	 23.5	 36.4	2.000	 4.5	 0.0
1	2018	176	 9207	 24.1	 30.7	2.907	 3.2	27.8
1	2018	177	11618	 22.1	 28.6	2.539	 2.4	39.2
1	2018	178	26012	 22.1	 35.8	2.876	 3.0	 0.0
1	2018	179	28087	 24.1	 33.9	2.043	 3.7	 0.0
1	2018	180	24666	 22.0	 34.1	1.869	 3.1	 0.0
1	2018	181	17926	 23.6	 32.3	2.310	 1.8	 2.4
1	2018	182	24991	 21.3	 33.0	2.223	 1.8	 0.0
1	2018	183	18234	 24.1	 30.8	2.662	 1.6	 1.6
1	2018	184	24152	 23.0	 32.8	2.490	 1.4	 0.1
1	2018	185	 7223	 22.6	 27.5	2.409	 2.2	 3.4
1	2018	186	25992	 20.6	 33.7	2.400	 1.9	 0.0
1	2018	187	23894	 24.1	 33.6	2.549	 2.6	 0.0
1	2018	188	23814	 24.5	 33.6	2.442	 2.3	 0.1
1	2018	189	 9529	 25.0	 29.9	2.609	 2.2	 0.8
1	2018	190	10473	 23.0	 29.0	2.569	 2.7	 3.0
1	2018	191	 8927	 21.8	 26.6	2.594	 2.8	 8.5
1	2018	192	11575	 23.3	 31.1	2.881	 1.5	 0.9
1	2018	193	17024	 24.2	 32.6	3.036	 1.9	 1.9
1	2018	194	13553	 24.8	 31.2	3.131	 1.0	30.5
1	2018	195	15470	 24.4	 31.5	3.134	 0.8	15.0
1	2018	196	18877	 24.4	 33.4	3.269	 2.4	 5.6
1	2018	197	23753	 26.6	 34.4	3.083	 3.8	 0.7
1	2018	198	17994	 26.8	 34.0	3.018	 3.7	 0.5
1	2018	199	23168	 28.3	 35.3	3.165	 3.5	 0.0
1	2018	200	22754	 28.1	 35.6	3.070	 3.6	 0.1
1	2018	201	24867	 27.8	 36.5	3.008	 3.8	 0.0
1	2018	202	23296	 28.0	 36.3	3.013	 2.9	 0.1
1	2018	203	24815	 27.1	 35.5	2.802	 2.4	 0.0
1	2018	204	23634	 27.2	 34.7	2.814	 5.1	 0.2
1	2018	205	24609	 26.3	 36.3	2.821	 3.1	 0.0
1	2018	206	23814	 28.9	 38.0	2.768	 2.2	 0.1
1	2018	207	18749	 26.0	 34.4	2.978	 2.7	14.0
1	2018	208	 9233	 24.8	 31.3	2.999	 2.9	10.8
1	2018	209	14149	 24.4	 31.2	3.050	 2.7	 5.7
1	2018	210	14425	 24.8	 31.0	3.165	 2.5	 3.5
1	2018	211	13039	 24.7	 30.9	3.104	 2.5	33.1
1	2018	212	16396	 24.2	 31.5	3.162	 1.2	 1.8
1	2018	213	21288	 25.0	 33.5	3.280	 1.6	 1.0
1	2018	214	20563	 26.1	 33.4	3.405	 1.9	 1.5
1	2018	215	20790	 26.1	 33.4	3.351	 2.2	 0.9
1	2018	216	20818	 26.5	 33.5	3.238	 3.0	 0.4
1	2018	217	 8216	 25.5	 29.3	3.374	 2.9	15.6
1	2018	218	17874	 24.2	 33.2	3.379	 1.7	 0.8
1	2018	219	21370	 26.5	 34.7	3.517	 2.2	 0.5
1	2018	220	22183	 26.8	 35.4	3.470	 2.1	 1.0
1	2018	221	14426	 26.1	 31.7	3.235	 3.2	 0.4
1	2018	222	20997	 25.4	 33.7	3.181	 1.9	 2.2
1	2018	223	19832	 25.0	 33.8	3.261	 2.1	 3.3
1	2018	224	20722	 26.0	 33.7	3.150	 2.2	 0.4
1	2018	225	17512	 25.4	 31.2	3.065	 2.7	13.8
1	2018	226	13444	 24.7	 30.0	3.027	 5.1	 5.5
1	2018	227	22507	 24.2	 31.5	2.741	 4.4	 0.0
1	2018	228	 4957	 22.2	 26.3	2.482	 6.9	 9.2
1	2018	229	19176	 21.8	 28.9	2.151	 5.5	 0.2
1	2018	230	 3169	 22.2	 24.9	2.570	 6.8	45.4
1	2018	231	 2791	 22.7	 24.1	2.808	 7.2	116.7
1	2018	232	22283	 22.3	 30.2	2.765	 3.0	 0.1
1	2018	233	21786	 21.1	 31.0	2.719	 2.7	 0.2
1	2018	234	10935	 22.9	 26.6	2.331	 4.3	 0.9
1	2018	235	21873	 21.8	 29.2	2.166	 2.4	 0.0
1	2018	236	22417	 19.9	 30.3	2.287	 1.4	 0.0
1	2018	237	21771	 22.2	 30.9	2.470	 1.6	 0.0
1	2018	238	22544	 22.4	 31.4	2.541	 2.3	 0.0
1	2018	239	22334	 21.6	 31.1	2.474	 1.8	 0.0
1	2018	240	21361	 22.4	 31.6	2.378	 1.8	 0.0
1	2018	241	17861	 23.8	 31.1	2.621	 3.6	 0.4
1	2018	242	13046	 23.3	 29.4	2.337	 4.9	 1.2
1	2018	243	 5779	 21.9	 25.9	2.237	 5.2	 1.9
1	2018	244	11970	 21.1	 27.6	2.308	 2.5	 2.2
1	2018	245	11757	 23.0	 31.2	2.717	 2.7	 3.6
1	2018	246	23288	 22.5	 33.1	1.803	 3.2	 0.0
1	2018	247	22618	 20.3	 29.9	1.608	 2.0	 0.0
1	2018	248	 7854	 21.4	 27.3	2.001	 2.6	 0.0
1	2018	249	22892	 20.6	 33.5	1.443	 4.1	 0.0
1	2018	250	22988	 18.9	 27.9	1.040	 3.2	 0.0
1	2018	251	21016	 15.1	 28.7	1.273	 1.5	 0.0
1	2018	252	16737	 17.2	 28.5	1.369	 1.5	 0.0
1	2018	253	13634	 19.9	 27.7	1.446	 2.7	 0.0
1	2018	254	21452	 17.7	 28.7	1.351	 2.6	 0.0
1	2018	255	16137	 18.7	 29.3	1.648	 2.4	 0.0
1	2018	256	13352	 19.0	 29.2	1.907	 1.8	 0.0
1	2018	257	 9945	 21.1	 26.5	2.093	 1.2	 1.1
1	2018	258	 8401	 20.0	 25.9	2.115	 2.5	 6.9
1	2018	259	 6441	 18.0	 21.9	1.581	 2.9	 2.8
1	2018	260	12686	 16.7	 25.4	1.777	 2.2	 0.8
1	2018	261	 2112	 18.5	 20.8	1.887	 2.1	12.7
1	2018	262	 5026	 17.6	 21.4	2.000	 2.8	21.5
1	2018	263	13060	 16.8	 24.7	1.881	 1.9	 0.1
1	2018	264	19705	 15.4	 29.9	1.676	 1.9	 0.0
1	2018	265	21129	 14.3	 27.1	0.964	 2.3	 0.0
1	2018	266	20293	 14.5	 25.6	0.974	 3.0	 0.0
1	2018	267	17057	 12.8	 23.8	1.020	 2.8	 0.1
1	2018	268	 3546	 14.5	 17.1	1.451	 3.4	 4.3
1	2018	269	17222	 13.0	 22.4	1.469	 1.4	 0.0
1	2018	270	15099	 12.6	 24.1	1.490	 2.6	 0.2
1	2018	271	19605	 13.6	 25.8	1.218	 2.6	 0.0
1	2018	272	19401	 13.3	 28.9	1.142	 2.4	 0.0
1	2018	273	19370	 13.1	 24.3	0.768	 3.5	 0.0
1	2018	274	19029	 13.7	 24.4	0.787	 2.9	 0.0
1	2018	275	18671	 11.7	 25.5	0.943	 2.3	 0.0
1	2018	276	18566	 11.4	 26.7	1.049	 1.4	 0.0
1	2018	277	18384	 11.7	 26.9	1.026	 1.3	 0.0
1	2018	278	18175	 12.3	 26.8	1.054	 1.2	 0.0
1	2018	279	17304	 14.1	 25.0	1.118	 2.4	 0.0
1	2018	280	15714	 15.3	 23.6	1.143	 2.4	 0.0
1	2018	281	16359	 13.1	 25.5	1.167	 2.2	 0.0
1	2018	282	17422	 11.1	 19.8	0.606	 4.3	 0.0
1	2018	283	17556	  7.2	 21.5	0.594	 2.7	 0.0
1	2018	284	17213	  8.6	 20.3	0.610	 2.7	 0.0
1	2018	285	16901	  9.2	 22.7	0.716	 2.8	 0.0
1	2018	286	15920	 10.2	 22.0	0.723	 2.8	 0.0
1	2018	287	14530	 12.7	 22.5	1.014	 2.4	 0.0
1	2018	288	12724	 11.0	 21.5	1.204	 3.0	 0.0
1	2018	289	13823	 11.2	 20.7	1.163	 2.6	 0.1
1	2018	290	15077	  9.8	 19.5	0.995	 3.1	 0.0
1	2018	291	14331	  8.1	 18.5	0.729	 1.9	 0.0
1	2018	292	15685	  6.5	 18.5	0.616	 1.6	 0.0
1	2018	293	 8072	  9.5	 18.4	0.755	 1.1	 0.0
1	2018	294	 7895	 11.0	 18.9	1.013	 2.4	 0.0
1	2018	295	14870	  9.1	 23.8	0.963	 2.4	 0.0
1	2018	296	15295	  7.1	 21.1	0.505	 2.9	 0.0
1	2018	297	14783	  9.1	 24.5	0.713	 2.7	 0.0
1	2018	298	 5439	 12.1	 22.0	0.985	 2.8	 1.5
1	2018	299	14990	  8.7	 19.3	0.338	 3.2	 0.0
1	2018	300	14581	  5.1	 20.9	0.429	 2.3	 0.0
1	2018	301	14368	 10.4	 24.2	0.448	 3.9	 0.0
1	2018	302	14149	  8.1	 21.3	0.586	 2.3	 0.0
1	2018	303	13670	  6.9	 19.7	0.677	 1.6	 0.0
1	2018	304	13439	  7.6	 20.5	0.780	 1.8	 0.0
1	2018	305	13135	  7.1	 20.3	0.802	 2.1	 0.0
1	2018	306	13262	  7.6	 20.0	0.746	 3.0	 0.0
1	2018	307	12842	  7.1	 19.6	0.894	 2.6	 0.0
1	2018	308	11759	  9.2	 20.4	0.994	 3.6	 0.0
1	2018	309	 1397	  7.5	 11.4	0.834	 5.8	 2.5
1	2018	310	 3227	  5.3	  9.8	0.739	 3.1	 1.4
1	2018	311	 9640	  2.5	 12.8	0.683	 1.8	 0.8
1	2018	312	11134	  6.4	 15.2	0.886	 2.9	 1.1
1	2018	313	12304	  4.9	 18.9	0.816	 2.0	 0.0
1	2018	314	 4806	  6.3	 13.7	0.868	 3.3	 0.6
1	2018	315	11046	  5.9	 14.8	0.823	 1.9	 0.3
1	2018	316	11183	  3.9	 16.5	0.910	 1.7	 0.0
1	2018	317	10976	  4.2	 16.6	0.903	 2.3	 0.0
1	2018	318	 5304	  7.6	 15.1	0.963	 1.4	 0.0
1	2018	319	 7275	  7.2	 15.4	0.971	 3.1	 0.2
1	2018	320	 5601	  5.4	  9.3	0.613	 3.9	 0.2
1	2018	321	 6183	  4.6	 10.6	0.753	 2.1	 1.1
1	2018	322	 8842	  4.3	 13.9	0.607	 1.8	 0.0
1	2018	323	11194	  0.7	 14.7	0.595	 3.3	 0.0
1	2018	324	 9295	  3.5	 14.5	0.702	 2.7	 0.0
1	2018	325	10979	  4.0	 12.5	0.436	 3.2	 0.0
1	2018	326	11035	 -1.2	 12.9	0.439	 2.5	 0.0
1	2018	327	 9333	  2.9	 13.2	0.575	 3.1	 0.0
1	2018	328	 9522	  0.6	 12.7	0.516	 2.4	 0.0
1	2018	329	10449	  1.5	 15.3	0.631	 1.6	 0.0
1	2018	330	10336	  3.5	 18.4	0.684	 3.3	 0.0
1	2018	331	 5391	  4.8	 13.7	0.489	 2.7	 0.0
1	2018	332	 9881	  2.0	 14.6	0.602	 1.7	 0.0
1	2018	333	 9889	  2.5	 10.9	0.518	 3.3	 0.0
1	2018	334	 8719	  1.2	 12.9	0.680	 1.6	 0.0
1	2018	335	 2745	  4.5	  9.9	0.792	 2.4	 0.9
1	2018	336	 2976	  5.1	 11.1	0.938	 1.7	 2.7
1	2018	337	 3996	  3.8	  9.8	0.610	 4.4	 0.1
1	2018	338	10012	 -0.2	  8.1	0.269	 2.8	 0.0
1	2018	339	 2615	 -0.1	  4.6	0.557	 1.8	 2.4
1	2018	340	 9256	 -3.2	  5.5	0.434	 3.2	 0.0
1	2018	341	 8942	 -6.1	  0.9	0.193	 1.9	 0.0
1	2018	342	 7579	 -6.8	 -1.0	0.163	 2.3	 0.0
1	2018	343	 9660	 -6.4	  1.3	0.194	 2.8	 0.0
1	2018	344	 7543	 -5.8	  1.9	0.295	 1.3	 0.3
1	2018	345	 9759	 -5.1	  2.6	0.298	 2.2	 0.0
1	2018	346	 9824	 -6.0	  3.8	0.257	 3.3	 0.0
1	2018	347	 9463	 -5.6	  4.5	0.256	 2.9	 0.0
1	2018	348	 9193	 -3.8	  5.3	0.301	 2.2	 0.0
1	2018	349	 8627	 -2.5	  7.0	0.398	 3.9	 0.0
1	2018	350	 9570	 -3.4	 12.6	0.341	 2.7	 0.0
1	2018	351	 9543	 -4.2	 11.6	0.321	 2.4	 0.0
1	2018	352	 9502	 -2.7	 13.9	0.394	 2.1	 0.0
1	2018	353	 6078	  0.1	  9.7	0.435	 2.8	 0.0
1	2018	354	 6045	 -0.6	  8.2	0.494	 2.2	 0.0
1	2018	355	 9226	  0.3	 11.1	0.488	 2.7	 0.0
1	2018	356	 6265	  0.5	 10.0	0.419	 1.8	 0.0
1	2018	357	 9285	 -2.6	  4.2	0.251	 3.5	 0.0
1	2018	358	 8961	 -4.6	  6.8	0.257	 3.3	 0.0
1	2018	359	 7652	 -1.8	  8.1	0.350	 3.7	 0.0
1	2018	360	 8532	 -3.5	  2.6	0.262	 4.7	 0.0
1	2018	361	 5848	 -5.7	 -1.2	0.262	 4.9	 0.1
1	2018	362	 9907	 -8.8	 -2.5	0.109	 2.0	 0.0
1	2018	363	 9836	 -9.5	  0.1	0.126	 1.5	 0.0
1	2018	364	10029	 -9.5	  0.0	0.126	 1.9	 0.0
1	2018	365	 9906	 -7.4	  1.2	0.162	 1.7	 0.0
