*------------------------------------------------------------*
*   Country: China
*   Station: Hebi
*      Year: 2019
*    Origin: AGERA5
*    Author: HuangHai, CAU
* Longitude: 114.38 E
*  Latitude: 35.71 N
* Elevation: 96.00 m
*   Columns: 
*   ======== 
*  station number
*  year
*  day
*  irradiation (kJ，m-2，d-1)
*  minimum temperature (degrees Celsius)
*  maximum temperature (degrees Celsius)
*  vapour pressure (kPa)
*  mean wind speed (m，s-1)
*  precipitation (mm，d-1)
** WCCDESCRIPTION=Hebi, China
** WCCFORMAT=2
** WCCYEARNR=2019
*------------------------------------------------------------*
114.38  35.71  96.00  -0.18  -0.55
1	2019	  1	 8908	 -7.4	  2.1	0.212	 1.2	 0.0
1	2019	  2	10001	 -8.0	  3.8	0.251	 2.7	 0.0
1	2019	  3	 9715	 -5.3	  4.7	0.343	 2.5	 0.0
1	2019	  4	 8985	 -3.7	  4.1	0.352	 2.9	 0.0
1	2019	  5	 8603	 -5.5	  2.8	0.165	 2.6	 0.0
1	2019	  6	 9379	 -7.0	  4.0	0.206	 2.0	 0.0
1	2019	  7	 8520	 -6.2	  3.8	0.312	 1.5	 0.0
1	2019	  8	 8900	 -5.8	  3.6	0.197	 3.1	 0.0
1	2019	  9	 6297	 -4.7	  1.4	0.271	 2.2	 0.5
1	2019	 10	 9702	 -5.4	  4.8	0.402	 2.7	 0.0
1	2019	 11	10095	 -3.8	  6.5	0.483	 1.9	 0.0
1	2019	 12	10680	 -4.6	  8.8	0.452	 2.4	 0.0
1	2019	 13	10678	 -4.9	  8.5	0.446	 1.6	 0.0
1	2019	 14	 8900	 -3.4	  7.2	0.510	 2.0	 0.0
1	2019	 15	 9903	 -5.7	 -0.6	0.174	 4.3	 0.0
1	2019	 16	11491	 -7.1	  3.6	0.168	 3.0	 0.0
1	2019	 17	11803	 -6.8	  7.6	0.223	 2.0	 0.0
1	2019	 18	 8605	 -2.6	  7.8	0.383	 2.8	 0.0
1	2019	 19	 5384	 -2.7	  4.0	0.296	 3.6	 0.2
1	2019	 20	11700	 -4.9	  5.8	0.256	 2.5	 0.0
1	2019	 21	12185	 -5.5	  8.0	0.258	 1.8	 0.0
1	2019	 22	12279	 -4.9	 11.1	0.255	 2.3	 0.0
1	2019	 23	12179	 -3.4	 11.9	0.301	 1.9	 0.0
1	2019	 24	10696	 -1.2	 11.9	0.422	 2.1	 0.0
1	2019	 25	10762	 -3.3	  6.1	0.312	 4.9	 0.0
1	2019	 26	11754	 -4.7	  5.3	0.205	 2.2	 0.0
1	2019	 27	 8616	 -1.9	  8.5	0.303	 3.6	 0.0
1	2019	 28	11086	 -1.9	  7.9	0.355	 2.6	 0.0
1	2019	 29	 8589	 -1.0	 10.4	0.438	 3.9	 0.0
1	2019	 30	 5874	 -1.8	  6.6	0.530	 3.8	 2.8
1	2019	 31	 9411	 -3.0	  5.2	0.354	 3.4	 0.4
1	2019	 32	13565	 -5.1	  8.7	0.375	 4.0	 0.0
1	2019	 33	11387	  0.2	 10.0	0.636	 3.7	 0.0
1	2019	 34	10437	 -0.6	 10.8	0.537	 2.0	 0.0
1	2019	 35	11995	 -1.5	 14.1	0.377	 4.4	 0.0
1	2019	 36	 9238	  0.5	 11.0	0.461	 2.2	 0.1
1	2019	 37	 6840	 -1.5	  3.3	0.443	 5.3	 0.0
1	2019	 38	12548	 -4.3	  0.4	0.213	 5.4	 0.0
1	2019	 39	 9506	 -4.8	  1.0	0.239	 2.2	 0.1
1	2019	 40	 8213	 -5.5	  0.3	0.193	 3.5	 0.1
1	2019	 41	10152	 -5.0	  1.1	0.327	 2.7	 2.4
1	2019	 42	14579	 -4.9	  7.0	0.420	 3.2	 0.0
1	2019	 43	 8256	 -2.9	  4.6	0.472	 2.1	 0.0
1	2019	 44	 4245	 -2.7	  0.8	0.427	 4.7	 3.1
1	2019	 45	 5017	 -4.1	 -0.4	0.439	 3.3	 3.6
1	2019	 46	13432	 -6.4	  3.1	0.399	 2.0	 0.0
1	2019	 47	14998	 -6.1	  3.8	0.329	 1.4	 0.0
1	2019	 48	13495	 -4.1	  5.4	0.291	 1.7	 0.0
1	2019	 49	 8161	 -2.6	  4.9	0.429	 2.2	 0.5
1	2019	 50	12848	 -3.7	  8.7	0.513	 2.5	 0.0
1	2019	 51	12972	 -3.9	  9.0	0.524	 1.3	 0.0
1	2019	 52	14131	 -1.8	 10.3	0.524	 1.3	 0.0
1	2019	 53	14151	 -0.6	 11.4	0.519	 1.6	 0.0
1	2019	 54	16591	 -2.5	 12.3	0.421	 1.9	 0.0
1	2019	 55	12651	  0.7	 13.9	0.438	 3.2	 0.0
1	2019	 56	16348	 -0.6	 13.4	0.508	 2.1	 0.0
1	2019	 57	 7386	  2.1	 10.6	0.558	 2.1	 0.0
1	2019	 58	15141	  0.8	 12.2	0.549	 2.6	 0.0
1	2019	 59	16799	  2.1	 14.3	0.585	 3.5	 0.0
1	2019	 60	13428	  1.2	 13.3	0.666	 2.4	 0.0
1	2019	 61	 8543	  2.5	 11.6	0.702	 2.5	 0.3
1	2019	 62	12597	  4.6	 13.0	0.766	 3.7	 0.4
1	2019	 63	15858	  1.9	 17.7	0.772	 3.7	 0.0
1	2019	 64	16920	  6.2	 18.0	0.802	 2.6	 0.0
1	2019	 65	18874	  4.6	 14.8	0.322	 4.1	 0.0
1	2019	 66	18978	 -1.0	 11.9	0.282	 2.5	 0.0
1	2019	 67	16223	  1.6	 13.3	0.368	 3.9	 0.0
1	2019	 68	18318	  2.4	 16.8	0.558	 2.3	 0.0
1	2019	 69	15530	  2.9	 17.8	0.618	 3.1	 0.4
1	2019	 70	19491	  5.2	 18.3	0.309	 3.2	 0.0
1	2019	 71	20070	  4.3	 12.7	0.249	 3.5	 0.0
1	2019	 72	19672	 -0.2	 16.4	0.313	 2.3	 0.0
1	2019	 73	19996	  3.6	 19.9	0.298	 2.8	 0.0
1	2019	 74	20534	  4.4	 20.6	0.258	 3.2	 0.0
1	2019	 75	20978	  6.1	 23.7	0.286	 2.4	 0.0
1	2019	 76	18034	  6.0	 22.2	0.597	 3.4	 0.0
1	2019	 77	16467	 11.5	 23.2	0.739	 4.6	 0.5
1	2019	 78	18994	 10.4	 24.0	0.943	 5.1	 0.7
1	2019	 79	15008	 12.1	 23.2	1.208	 2.4	 0.4
1	2019	 80	16142	  6.8	 15.4	0.275	 5.1	 0.0
1	2019	 81	19078	  2.4	 15.4	0.381	 3.0	 0.0
1	2019	 82	22176	  4.6	 12.9	0.288	 4.0	 0.0
1	2019	 83	21283	  4.5	 20.3	0.445	 4.6	 0.0
1	2019	 84	22216	  7.7	 23.7	0.382	 2.7	 0.0
1	2019	 85	20473	  8.2	 26.8	0.558	 3.9	 0.0
1	2019	 86	16976	 12.3	 26.9	0.741	 2.5	 0.0
1	2019	 87	19552	  7.4	 17.8	0.431	 5.2	 0.0
1	2019	 88	15941	  5.6	 20.8	0.459	 2.5	 0.0
1	2019	 89	22615	  5.8	 16.0	0.251	 2.9	 0.0
1	2019	 90	23299	  3.4	 17.3	0.245	 2.7	 0.0
1	2019	 91	23348	  6.7	 19.9	0.373	 3.4	 0.0
1	2019	 92	19914	  6.7	 21.8	0.582	 2.4	 0.0
1	2019	 93	22440	  6.6	 21.5	0.622	 3.1	 0.0
1	2019	 94	22227	 10.8	 25.5	0.797	 4.9	 0.0
1	2019	 95	23356	 10.8	 27.2	0.804	 4.4	 0.0
1	2019	 96	23408	 11.0	 21.9	0.583	 5.0	 0.0
1	2019	 97	23357	  9.8	 23.7	0.738	 2.6	 0.0
1	2019	 98	 4805	  9.3	 16.5	0.857	 6.0	 2.6
1	2019	 99	 7098	  4.3	  9.3	0.761	 7.2	13.4
1	2019	100	18908	  2.5	 14.7	0.736	 2.0	 0.0
1	2019	101	22168	  7.0	 18.0	0.906	 2.3	 0.0
1	2019	102	15314	  5.7	 20.3	1.034	 3.1	 0.0
1	2019	103	18978	 10.8	 23.9	1.241	 3.1	 0.1
1	2019	104	24561	 11.0	 20.6	0.469	 3.5	 0.0
1	2019	105	24493	  9.7	 22.1	0.626	 5.3	 0.0
1	2019	106	23867	 11.6	 26.1	1.131	 3.0	 1.7
1	2019	107	24339	 13.9	 29.7	1.348	 6.1	 0.0
1	2019	108	20129	 15.9	 27.0	1.061	 6.5	 0.0
1	2019	109	 7484	 11.7	 16.6	0.434	 5.0	 0.6
1	2019	110	21946	  8.8	 23.8	0.880	 1.9	 0.0
1	2019	111	10187	 13.0	 20.5	1.330	 3.3	 3.7
1	2019	112	 5568	 15.4	 20.0	1.667	 1.7	 1.1
1	2019	113	16797	 14.8	 25.4	1.815	 2.6	 0.0
1	2019	114	15642	 15.8	 26.2	1.815	 2.7	 0.1
1	2019	115	22472	  8.6	 20.9	0.894	 5.4	 3.9
1	2019	116	19404	  8.3	 17.0	0.883	 2.7	 0.0
1	2019	117	 4484	  8.6	 13.0	1.023	 1.9	 5.6
1	2019	118	21923	  5.8	 17.8	0.996	 1.7	 0.4
1	2019	119	25317	  9.2	 23.7	1.300	 3.2	 0.1
1	2019	120	23184	 12.6	 25.1	0.935	 3.2	 0.0
1	2019	121	26769	 10.7	 25.5	0.607	 2.4	 0.0
1	2019	122	26841	  9.1	 26.9	0.775	 2.8	 0.0
1	2019	123	25230	 13.3	 27.2	0.819	 3.9	 0.0
1	2019	124	19046	 17.2	 26.2	1.263	 3.2	 0.1
1	2019	125	15991	 14.0	 25.2	1.227	 4.8	 0.4
1	2019	126	22532	 12.5	 21.8	0.546	 2.7	 0.0
1	2019	127	21148	 11.3	 24.0	0.664	 3.7	 0.0
1	2019	128	18364	 14.4	 25.2	0.784	 3.6	 0.0
1	2019	129	23158	 10.2	 27.9	1.048	 2.2	 0.0
1	2019	130	23254	 15.8	 30.0	1.212	 2.6	 1.3
1	2019	131	23712	 14.0	 31.1	1.343	 1.9	 1.2
1	2019	132	23984	 17.0	 32.1	1.205	 3.3	 0.1
1	2019	133	21918	 15.2	 24.2	0.601	 3.5	 0.0
1	2019	134	22086	 14.5	 28.7	1.107	 4.1	 0.0
1	2019	135	22720	 17.1	 29.1	1.920	 3.4	 0.0
1	2019	136	23015	 17.6	 31.2	2.042	 3.0	 0.0
1	2019	137	24890	 20.8	 32.3	1.981	 2.7	 0.0
1	2019	138	19840	 19.2	 28.7	1.845	 3.5	 0.0
1	2019	139	25729	 18.1	 30.3	0.922	 4.5	 0.0
1	2019	140	28825	 13.9	 28.4	0.413	 3.3	 0.0
1	2019	141	28357	 13.4	 31.8	0.580	 2.5	 0.0
1	2019	142	28461	 15.6	 36.3	0.661	 2.7	 0.0
1	2019	143	28320	 21.8	 38.7	0.669	 4.8	 0.0
1	2019	144	20428	 24.0	 32.0	1.267	 5.3	 0.0
1	2019	145	25568	 22.6	 35.6	1.848	 3.7	 0.0
1	2019	146	25163	 22.1	 35.0	2.235	 3.7	 0.1
1	2019	147	24666	 21.0	 27.7	0.886	 6.0	 0.2
1	2019	148	22714	 19.7	 29.2	0.853	 4.4	 0.0
1	2019	149	27570	 16.3	 30.4	1.047	 4.7	 0.0
1	2019	150	25608	 19.8	 32.8	1.503	 3.5	 0.0
1	2019	151	25099	 18.2	 30.5	1.484	 2.6	 0.0
1	2019	152	24363	 22.6	 34.5	1.291	 4.2	 0.0
1	2019	153	27185	 22.2	 38.8	1.130	 5.0	 0.7
1	2019	154	24661	 24.1	 35.9	1.295	 3.1	 0.7
1	2019	155	24964	 21.2	 38.1	1.553	 2.9	 0.0
1	2019	156	11452	 20.0	 30.0	2.060	 5.4	18.6
1	2019	157	21788	 19.1	 27.4	1.951	 4.6	 4.0
1	2019	158	25250	 17.7	 32.4	1.916	 2.6	 0.0
1	2019	159	24030	 21.4	 34.6	1.803	 2.6	 0.4
1	2019	160	28540	 23.2	 32.7	1.240	 4.6	 0.0
1	2019	161	27267	 18.8	 33.4	1.092	 2.1	 0.0
1	2019	162	25886	 22.2	 36.1	1.123	 3.4	 0.0
1	2019	163	25023	 23.8	 36.0	1.113	 4.0	 0.0
1	2019	164	26677	 23.5	 36.1	1.198	 2.3	 0.0
1	2019	165	27769	 23.0	 37.0	1.311	 2.0	 0.0
1	2019	166	23480	 25.2	 38.0	1.330	 3.9	 0.0
1	2019	167	24931	 25.6	 34.2	1.471	 3.6	 0.0
1	2019	168	24057	 21.3	 34.3	1.613	 3.0	 0.0
1	2019	169	27217	 23.3	 37.0	1.829	 3.0	 0.0
1	2019	170	25611	 25.3	 36.7	2.085	 3.5	 0.2
1	2019	171	18174	 25.4	 32.0	2.032	 3.8	 2.4
1	2019	172	19236	 23.1	 34.8	2.132	 1.5	 0.9
1	2019	173	18338	 24.7	 33.9	2.234	 2.5	 1.9
1	2019	174	27394	 22.4	 36.1	1.492	 2.2	 0.0
1	2019	175	22700	 23.8	 35.9	1.523	 3.3	 0.0
1	2019	176	20926	 25.9	 33.8	1.684	 2.8	 0.0
1	2019	177	26409	 22.8	 34.7	1.609	 2.0	 0.0
1	2019	178	22495	 25.7	 35.5	1.897	 2.9	 0.8
1	2019	179	 5210	 21.7	 27.5	2.305	 1.4	 9.8
1	2019	180	26987	 19.7	 37.9	1.959	 3.1	 0.0
1	2019	181	27624	 23.6	 34.3	1.115	 4.0	 0.0
1	2019	182	27691	 20.0	 36.8	1.160	 1.8	 0.0
1	2019	183	27281	 23.4	 39.2	1.508	 3.8	 0.0
1	2019	184	25818	 24.4	 36.8	1.803	 1.9	 0.0
1	2019	185	20559	 27.6	 39.1	1.831	 5.2	 0.0
1	2019	186	27844	 25.7	 38.5	1.536	 5.9	 0.0
1	2019	187	24243	 23.5	 32.2	1.563	 4.8	 0.0
1	2019	188	22927	 21.1	 30.9	1.701	 5.0	 0.0
1	2019	189	15409	 22.0	 28.8	1.925	 3.0	 0.4
1	2019	190	18096	 23.5	 31.4	2.047	 1.9	 3.7
1	2019	191	18239	 21.9	 29.1	2.206	 2.2	 5.3
1	2019	192	21648	 21.1	 30.6	2.203	 1.8	 2.0
1	2019	193	19771	 22.3	 33.3	2.258	 2.3	 2.2
1	2019	194	26030	 22.1	 35.5	2.069	 2.2	 0.0
1	2019	195	25076	 24.0	 36.7	1.976	 2.1	 0.2
1	2019	196	20868	 24.0	 35.4	2.197	 1.8	 0.0
1	2019	197	16915	 26.2	 34.5	2.264	 2.3	 0.2
1	2019	198	16444	 25.0	 32.4	2.619	 1.7	 4.7
1	2019	199	24041	 23.4	 34.1	2.391	 2.0	 0.0
1	2019	200	24574	 24.7	 35.1	2.392	 1.8	 0.0
1	2019	201	20399	 26.3	 37.2	2.620	 2.3	 0.0
1	2019	202	23800	 25.5	 37.9	2.834	 1.7	 0.4
1	2019	203	21187	 29.3	 38.4	2.865	 3.0	 0.9
1	2019	204	20925	 27.7	 36.8	3.018	 1.5	 2.7
1	2019	205	23172	 25.5	 39.3	2.509	 1.4	 0.0
1	2019	206	16509	 28.2	 36.8	2.425	 2.2	 0.0
1	2019	207	24057	 26.3	 39.2	2.654	 2.7	 3.1
1	2019	208	16474	 26.5	 33.3	3.355	 2.1	11.7
1	2019	209	18820	 26.7	 36.4	3.432	 2.8	 2.3
1	2019	210	16276	 22.2	 35.3	3.270	 4.4	13.9
1	2019	211	17331	 21.8	 33.2	2.837	 2.6	 4.1
1	2019	212	24015	 25.5	 36.5	2.755	 3.4	 0.6
1	2019	213	16366	 24.9	 32.6	2.812	 1.9	21.7
1	2019	214	14703	 23.3	 28.9	2.697	 1.9	11.2
1	2019	215	13564	 23.8	 28.9	2.704	 2.9	 2.2
1	2019	216	 9553	 23.0	 29.3	3.004	 2.3	24.0
1	2019	217	16825	 23.4	 30.6	3.091	 1.4	 2.2
1	2019	218	12210	 24.4	 29.7	3.159	 1.1	 1.5
1	2019	219	14526	 24.5	 29.2	3.054	 1.7	 2.7
1	2019	220	18219	 23.9	 31.1	3.030	 1.8	 0.6
1	2019	221	19067	 24.3	 32.2	3.153	 1.3	 6.0
1	2019	222	 6175	 23.4	 26.3	2.776	 3.3	24.5
1	2019	223	11279	 23.4	 27.3	2.541	 6.1	 0.7
1	2019	224	12484	 22.6	 28.5	2.676	 2.5	11.7
1	2019	225	16357	 23.1	 29.1	2.624	 2.2	 0.1
1	2019	226	20580	 23.1	 31.2	2.816	 0.9	 0.7
1	2019	227	24189	 21.1	 32.6	2.675	 2.7	 0.0
1	2019	228	23910	 22.2	 29.0	2.241	 4.1	 0.0
1	2019	229	24179	 19.9	 30.8	1.883	 1.6	 0.0
1	2019	230	23663	 20.1	 31.3	2.141	 2.1	 0.0
1	2019	231	23278	 20.8	 31.4	2.093	 3.1	 0.0
1	2019	232	21569	 22.0	 31.6	2.379	 3.3	 0.0
1	2019	233	 3823	 23.1	 26.9	2.743	 2.2	23.5
1	2019	234	11953	 21.4	 28.7	2.498	 1.7	 0.1
1	2019	235	20400	 22.3	 30.8	2.400	 1.4	 0.0
1	2019	236	12536	 23.0	 29.4	2.296	 2.2	 0.0
1	2019	237	 6756	 21.8	 24.5	2.189	 2.3	 2.9
1	2019	238	16990	 20.5	 29.9	2.517	 1.8	 0.2
1	2019	239	13401	 23.0	 29.6	2.613	 2.2	 1.3
1	2019	240	24162	 20.4	 32.7	1.725	 2.7	 0.0
1	2019	241	23762	 20.8	 29.9	1.443	 2.8	 0.0
1	2019	242	22410	 17.5	 30.9	1.529	 2.2	 0.0
1	2019	243	21810	 18.4	 30.7	1.581	 1.3	 0.0
1	2019	244	20416	 19.0	 31.2	1.686	 1.7	 0.0
1	2019	245	15842	 20.1	 28.9	2.009	 1.9	 0.1
1	2019	246	20233	 19.4	 31.0	1.778	 1.9	 0.0
1	2019	247	21119	 18.1	 30.0	1.744	 1.6	 0.0
1	2019	248	22619	 18.6	 32.0	1.654	 2.4	 0.0
1	2019	249	21918	 19.6	 32.3	1.775	 1.8	 0.0
1	2019	250	22355	 20.6	 32.9	1.648	 1.9	 0.0
1	2019	251	22181	 20.5	 35.4	1.681	 2.5	 0.0
1	2019	252	18574	 21.2	 33.0	1.840	 2.1	 0.0
1	2019	253	 8169	 21.0	 27.5	2.282	 4.2	 3.9
1	2019	254	 3298	 18.4	 21.0	1.941	 4.7	18.1
1	2019	255	 3366	 18.1	 20.5	1.910	 3.0	 2.3
1	2019	256	14031	 19.0	 28.7	2.005	 2.9	 0.5
1	2019	257	 8028	 19.2	 26.3	1.776	 2.6	 0.0
1	2019	258	 3635	 17.2	 21.4	1.795	 2.6	 5.9
1	2019	259	19480	 14.7	 26.2	1.895	 1.6	 0.0
1	2019	260	 5114	 17.3	 23.0	1.977	 2.3	 0.7
1	2019	261	18955	 14.3	 26.8	1.658	 3.8	 0.5
1	2019	262	 7083	 17.2	 22.4	1.556	 1.4	 0.0
1	2019	263	 6784	 18.2	 23.7	1.818	 1.8	 0.2
1	2019	264	19047	 17.2	 27.8	1.488	 3.2	 0.0
1	2019	265	20199	 16.6	 27.8	1.518	 3.2	 0.0
1	2019	266	19479	 15.1	 29.2	1.622	 2.3	 0.0
1	2019	267	19579	 15.6	 30.9	1.408	 1.4	 0.0
1	2019	268	18669	 16.7	 30.2	1.344	 1.8	 0.0
1	2019	269	18493	 16.2	 30.4	1.405	 1.5	 0.0
1	2019	270	17336	 16.8	 29.5	1.448	 1.5	 0.0
1	2019	271	17282	 18.1	 30.1	1.429	 3.1	 0.0
1	2019	272	17523	 18.3	 30.9	1.399	 3.2	 0.0
1	2019	273	17591	 19.0	 31.3	1.453	 3.1	 0.0
1	2019	274	16465	 18.7	 30.2	1.519	 2.2	 0.0
1	2019	275	17502	 20.4	 31.3	1.550	 1.6	 0.0
1	2019	276	17843	 17.8	 32.3	1.608	 2.2	 0.0
1	2019	277	 2288	 11.6	 24.5	1.718	 4.5	15.9
1	2019	278	 8189	 11.3	 17.7	0.943	 4.6	 1.8
1	2019	279	 2313	 11.0	 13.6	1.101	 1.5	 8.9
1	2019	280	16012	  9.2	 21.8	1.329	 2.2	 0.0
1	2019	281	17344	 11.0	 22.7	1.239	 3.3	 0.0
1	2019	282	 2550	 12.0	 18.7	1.327	 2.2	 7.6
1	2019	283	14107	 11.9	 23.0	1.536	 1.4	 0.5
1	2019	284	10506	 13.7	 21.8	1.545	 3.7	 0.0
1	2019	285	11422	 16.3	 22.3	1.562	 3.1	 0.1
1	2019	286	14238	 13.5	 23.3	1.431	 2.8	 0.0
1	2019	287	 5097	 10.0	 16.0	0.777	 5.5	 1.2
1	2019	288	13772	  7.5	 15.7	0.604	 1.8	 0.0
1	2019	289	 6411	 10.8	 14.9	0.891	 2.1	 0.0
1	2019	290	12394	  7.5	 18.5	1.137	 1.6	 0.0
1	2019	291	13944	  9.0	 21.1	1.204	 2.2	 0.0
1	2019	292	15053	 10.7	 22.6	1.256	 3.4	 0.0
1	2019	293	12137	 12.7	 24.0	1.352	 2.4	 0.0
1	2019	294	14493	 13.9	 23.1	1.116	 3.2	 0.0
1	2019	295	 7085	 13.8	 21.1	1.282	 2.4	 1.3
1	2019	296	 6413	 14.6	 20.6	1.467	 2.2	 0.3
1	2019	297	10597	 12.7	 22.8	1.200	 3.1	 0.4
1	2019	298	10194	  7.0	 15.1	0.604	 3.0	 0.0
1	2019	299	14135	  6.6	 18.0	0.694	 3.4	 0.0
1	2019	300	14648	  6.3	 22.0	0.717	 3.0	 0.0
1	2019	301	14531	  9.0	 21.6	0.528	 3.6	 0.0
1	2019	302	14306	  5.8	 21.2	0.512	 2.7	 0.0
1	2019	303	13972	  9.0	 24.8	0.755	 2.4	 0.0
1	2019	304	14019	  7.7	 24.9	0.628	 1.7	 0.0
1	2019	305	10500	 10.4	 22.6	0.765	 2.2	 0.0
1	2019	306	12668	 11.7	 22.1	0.986	 2.3	 0.0
1	2019	307	 9777	 11.8	 18.2	1.116	 5.2	 0.2
1	2019	308	12034	  7.7	 17.6	0.970	 1.7	 0.0
1	2019	309	12630	  6.8	 20.1	1.006	 1.7	 0.0
1	2019	310	 9869	  9.5	 19.5	0.983	 1.7	 0.0
1	2019	311	 6846	  9.0	 14.9	0.986	 4.1	 0.4
1	2019	312	11880	  6.4	 18.9	0.994	 2.1	 0.0
1	2019	313	 9397	  8.0	 19.8	1.104	 3.8	 0.7
1	2019	314	12324	  8.9	 20.9	0.648	 3.0	 0.0
1	2019	315	12100	  5.5	 19.7	0.583	 1.8	 0.0
1	2019	316	10842	 10.7	 22.4	0.845	 2.6	 0.3
1	2019	317	12266	  6.4	 15.8	0.340	 3.9	 0.0
1	2019	318	11896	  6.4	 20.0	0.459	 4.7	 0.0
1	2019	319	11586	  5.9	 16.8	0.536	 2.8	 0.0
1	2019	320	10441	  4.9	 15.1	0.721	 3.9	 0.8
1	2019	321	 5209	  6.8	 13.7	0.675	 4.0	 1.9
1	2019	322	11791	  0.7	  9.1	0.210	 2.8	 0.0
1	2019	323	11354	 -0.5	 12.3	0.380	 1.4	 0.0
1	2019	324	 8777	  2.7	 14.0	0.424	 3.2	 0.0
1	2019	325	 9516	  6.6	 14.9	0.669	 2.5	 0.0
1	2019	326	10058	  3.6	 16.4	0.819	 2.0	 0.0
1	2019	327	 8847	  7.1	 16.2	0.903	 2.8	 0.0
1	2019	328	 6679	  4.0	 12.6	0.499	 5.6	 0.5
1	2019	329	10926	 -1.4	  5.6	0.167	 2.3	 0.0
1	2019	330	 8117	 -1.8	  8.3	0.292	 2.8	 0.0
1	2019	331	 8980	  1.0	  6.6	0.367	 4.6	 0.0
1	2019	332	10166	 -2.9	  6.2	0.337	 1.8	 0.0
1	2019	333	 5365	 -1.1	  6.3	0.408	 1.5	 0.0
1	2019	334	 6040	  2.3	  8.3	0.495	 1.7	 0.0
1	2019	335	 9736	  1.1	  9.2	0.489	 2.6	 0.1
1	2019	336	10333	 -2.5	  7.5	0.234	 2.6	 0.0
1	2019	337	10244	 -4.1	 11.7	0.246	 2.2	 0.0
1	2019	338	10167	 -3.0	 12.6	0.252	 1.8	 0.0
1	2019	339	 9707	 -1.8	  6.3	0.401	 4.0	 0.0
1	2019	340	 9350	 -3.0	  6.8	0.490	 3.2	 0.0
1	2019	341	 9764	 -3.5	 10.0	0.484	 1.5	 0.0
1	2019	342	 9456	 -0.4	 13.0	0.508	 3.0	 0.0
1	2019	343	 9567	 -1.9	 13.6	0.467	 1.6	 0.0
1	2019	344	 9591	 -1.0	 15.9	0.427	 2.4	 0.0
1	2019	345	 9625	 -1.8	 12.3	0.342	 2.0	 0.0
1	2019	346	 7699	 -3.3	  8.8	0.349	 2.6	 0.4
1	2019	347	 9260	  1.6	 14.2	0.425	 3.1	 0.0
1	2019	348	 5764	  1.5	  7.3	0.341	 2.5	 0.0
1	2019	349	  935	  1.6	  3.6	0.574	 3.3	 6.4
1	2019	350	 5501	  0.8	  7.7	0.683	 1.9	 1.4
1	2019	351	 7742	 -0.4	  7.7	0.520	 3.4	 0.0
1	2019	352	 7593	 -3.2	  5.4	0.373	 2.3	 0.0
1	2019	353	 9178	 -4.1	  9.4	0.459	 2.1	 0.0
1	2019	354	 9124	 -4.5	  5.9	0.452	 3.3	 0.0
1	2019	355	 9098	 -2.3	  7.9	0.538	 1.5	 0.0
1	2019	356	 9314	 -2.5	  8.4	0.545	 2.6	 0.0
1	2019	357	 3574	 -2.1	  3.8	0.476	 3.7	 0.2
1	2019	358	 5135	  0.5	  5.6	0.566	 2.4	 0.1
1	2019	359	 3474	  0.5	  4.3	0.635	 3.7	 0.8
1	2019	360	 9797	 -3.0	  7.0	0.350	 2.5	 0.0
1	2019	361	 9781	 -3.1	 10.8	0.317	 2.9	 0.0
1	2019	362	 9448	 -2.8	 12.3	0.475	 2.9	 0.0
1	2019	363	 9474	  1.2	 11.8	0.650	 3.3	 0.0
1	2019	364	 9782	 -5.1	  3.1	0.237	 5.1	 0.0
1	2019	365	10045	 -8.9	  0.1	0.125	 3.7	 0.0
